AB016625 222 614 8637 8740 14410 14564 15591 15762 17283 17409 19179 19279 20948 21162 22691 22873 23935 24070 24444 24531
AF008216 4453 5157
AF092047 1275 2080 3740 3932
AF096303 1223 1274 1719 1915 2015 2069 2423 2617 2694 2797 3938 4057 4137 4305 4538 4618 4700 4822 5118 5278
AF019563 57 117 523 555 705 839 1021 1067 3651 3716
AB012922 7232 7259 7993 8060 8423 8516 10043 10160 10292 10355 10541 10658 10970 11072 11267 11366 11857 12045 12150 12224 12345 12403 12575 12672 12791 12930 13190 13418 13612 13701 14048 14166 14275 14423 14642 14807
U25134 579 720 1007 1204 1579 1697 2004 2099 2427 2489 2757 2912 3076 3219
U17081 1282 1354 4764 4936 6826 6927 8360 8413
AB021866 43 93 225 259 1573 1681 2393 2543 2683 2801 2874 2962 3392 3413
AF039704 1327 1343 1460 1531 1811 1950 2935 3085 3283 3410 3557 3735 3851 4049 4206 4394 4637 4706 5151 5271 5384 5542 5721 5846 6026 6166 
AF082802 1687 1768 2714 2983 3131 3451 3676 3962 4253 4508 4640 4888 5340 5585 5682 5960 6042 6281 6987 7253 7981 8258
AF039954 761 836 3918 4038 4450 4615
AB018249 2276 2351 5433 5553 5965 6130
AF099731 468 1289
AF099730 532 1344
AF039401 2222 2383 6667 6807 6979 7126 9696 9801 15454 15631 18591 18809 19783 20010 22253 22427 24522 24628 26644 26859 27447 27708 28766 28936 31840 32079 32919 33310
AF084941 1489 1546 8802 9122 10013 10057 11112 11533
AF059675 137 158 241 344 953 1062 1163 1280 1375 1489 1609 1683 1984 2037 2139 2329 2490 2618 2852 2997 3382 3528 3657 3741 3927 4033 4354 4500 4578 4674 4855 5067 5174 5284 6724 6954 7650 7787 7946 8083 8215 8319 8657 8804 8898 9024 9270 9480 9627 9737 9812 10030 10221 10361 10456 10656
AF007189 477 1139
AF016898 2945 3007 5339 5443 16180 16389
AF076214 310 418 1901 2133 3191 3529
AB012113 978 1044 7082 7193 7586 7676
AB019534 3345 3470 3773 3895 3990 4136 4639 4863 5694 5859 6544 6661 8338 8437
AF080237 1281 1353 2346 2525 2625 2708 2897 2973 3067 3130 3215 3414
AF071596 385 966
U43842 7798 8167 9131 9987
AF053455 352 1146
AF071216 2732 2789 4431 4567
AF058761 1815 1863 2854 3221
Y16791 1189 1569 2415 2497 2693 2849 3199 3360 3708 3833 4456 4676 4991 5138
AB016492 2097 2179 2333 2370 2571 2653 3441 3520 4498 4654
AF001689 695 719 1393 1576 2437 2613 3288 3357 3582 3596
AF029081 8638 9384
U96846 2218 2404 2785 2883 3415 3468 4009 4145
AF027152 408 602 1248 1438 1949 2151 2237 2437 2522 2694 2898 3070 3274 3352 3645 3842 4197 4310
U55058 792 881 2021 2207 2876 2937
AF068624 15335 15515 16495 16617 17468 17578 19902 20124 20673 20857 23512 23691 25433 25597 26161 26429 27528 27690 31832 31995
AF053069 320 391 1712 1794 1868 2038 2768 2951 3697 3886 4311 4523 4719 4885 5213 5294 5436 5581 5688 5774
AF032437 192 1607
AF007876 1295 1406 3437 3565 3903 4007 4114 4319 4691 4747 5589 5687 5793 5957
AF051160 6055 6159 7619 7711 8081 8211 8440 8514 9241 9358 
AF022382 430 550 707 822 1208 1321 1567 1743 2288 2401 2492 2558 2652 2737 2875 2952 3188 3307 3452 3505
AF045999 159 297 1257 1382 2103 2208 5296 5377
U53447 62 1933
AF009356 48 91 967 1077 1822 1886 2174 2340 3394 3615
AF019409 576 701 858 1068 1936 2130 2211 2312 2992 3172 3543 3657
AF015224 1056 1110 1713 1900 3789 3827
AF042782 305 672 2063 2858
AF037207 609 729 1544 1585 1912 2039 4515 4586 4876 4896
AB016243 1986 2198 4562 4762 11231 11410 11635 11788 11862 11905 12445 12507 12733 12891
AF049259 512 1006 2331 2413 2613 2769 2960 3121 3246 3371 3464 3684 4694 4712
AB012668 1062 1074 1328 2343
AF052572 2721 2735 4868 5911
AF042001 447 525 1271 1816 2724 2905
AF055475 2226 2309 2776 2896 5718 5843 8279 8301
AF055903 576 662 923 1007 2128 2241 2893 3047 3148 3244 3327 3407 3497 3622 3787 3851 3933 4142 4226 4336
AF053630 5921 6088 7821 7958 8508 8625 10258 10400 10485 10652 12496 12900
AF027148 10436 11065 11555 11633 11908 12161
AB007828 1454 2419
AF044311 53 173 988 1029 1356 1483 3953 4024 4314 4334
AF061327 13 153 1245 1604 
AF059650 2072 2126 2232 2314 3905 4047 8729 8810 8938 8994 9115 9170 9548 9681 10215 10295 10667 10740 10897 10961 12574 12663 12786 12844 13090 13169 13489 13646 15363 15432
AB010874 165 176 566 588 864 906
AF071552 441 1313
AF059734 335 491 1296 1495 1756 1857 1953 2051
AF009962 3934 4581
AB013139 4812 4848 6518 6651 7850 7998 8480 8639 11050 11153 18083 18200 18816 19009 24866 24963 30519 30648 33818 34090 35682 36129 41481 41549 43078 43233 46007 46120 52298 52347 53761 53791
AF013711 3643 3822 3935 4112 4410 4512 4843 4987
AF065396 848 1082 1908 2155 2857 3013 3380 3559 4720 4892 5290 5419 5624 5756 5872 5963 6276 6381 6497 6644
AF058762 115 482 1867 2662
AF043105 1943 1990 2322 2397 2737 2801 3864 3945 4039 4139 4479 4574 4663 4773 5059 5157
AF065988 1882 2767 6638 6810
AF026564 119 1075
AF037438 548 574 1007 1171 2481 2645 2776 2904 2986 3094 3298 3488
AF028233 68 392 1483 1673 3211 3558
AB007546 2352 2397 4217 4313 5816 5961 9690 9856
AF058293 5416 5523 5887 6062 8180 8252
AF055080 964 1938
AF037062 2372 2681 2876 3134 5065 5228 5501 5724
AB009589 8540 9479 10624 10949
AF047383 331 350 972 1084 1201 1280 1357 1419 1659 1856 1974 2135 2504 2641 2801 2901 3005 3071 3402 3563
U31468 422 1465
AF036329 2105 2258 2369 2526 3372 3422
AF042084 28 1032 1219 1306 1603 1757 1940 2125 2386 2514 2645 2827 3544 3640 4401 4524 4669 4843 5058 5228 5336 5445 5640 5742 5840 5965
AF040714 320 1226 2401 2675
AF039307 1799 2507 3920 4152
AF031237 2762 3820
AF005058 1038 1052 3185 4228
AF037372 812 826 1464 1550 1673 1757 2185 2237
D89060 136 340 548 658 5359 5445 5767 5870 6012 6106 6840 6933 7175 7323 7774 7921 8578 8698 8823 8929 9022 9171
AF032455 3306 3371 10614 10781 11467 11583 12571 12648 13239 13361 13864 13970 14295 14376 14971 15054 17022 17104 19572 19614
AB003730 425 2254
AB006987 406 600 1250 1440 1949 2151 2237 2437 2522 2694 2898 3070 3272 3350 3640 3837 4193 4306
AF015812 1108 1151 2419 2584 2933 3029 3135 3268 3383 3448 3677 3818 3900 4060 4149 4321 4704 4814 5028 5089 5138 5197 6441 6665 6882 7285
AF015954 135 221 482 566 1686 1799 2455 2609 2710 2806 2889 2969 3059 3184 3349 3413 3495 3704 3788 3898
D67013 410 622 2952 3062 3710 3794 4454 4617 5805 5906 7126 7209 7854 8198
D38752 171 818
D83956 601 673 802 1071 1318 1593 2166 2441 2535 2651 3093 3125 3232 3275
AF016052 4577 4996 5251 5398 7458 7996
AB002059 9106 9239 9843 9993 11889 11960 16575 16650 16841 16934 17017 17097 17174 17315 17408 17517 19708 19801 19914 19979 20155 20232 20323 20520
AJ223321 1196 2764
U76254 55 1200
AF017115 3430 3502 7157 7324 7954 8085 8958 9094
AF016190 321 391 1532 2426
U40494 2942 2959 3358 3554 4038 4200
AF057156 1243 1677
AF006668 703 777 1819 2005 2685 2743
AF002719 121 205 781 942 1368 1516
AF019045 634 2226
AF074912 220 1284
U83462 3197 3353 3688 3842 4351 4656
AF077860 1120 1467 1757 1813
AF043289 1030 1085 1163 1293 1472 1580 1683 1770 2057 2144 2599 2705 2777 2942 3040 3065 3549 3678 3767 4006 4088 4188 4503 4610 4684 4753 4833 4925 5083 5267
AF037313 675 1847
AF035672 6 60 8918 9178 9842 10117 14057 14332 15957 16055 17363 17421
AF001797 2257 2602 2695 2924 3304 3500 3653 5384
U44436 7 1083
U50355 2264 2432 2950 3062
U50353 1859 2012 2521 2630
AB017361 38 88 220 254 2173 2281 4040 4190 4308 4426 4506 4594 5202 5223
AF059211 1183 2079
AF069778 2320 2672 4822 5428
AF035684 50 116 205 325 420 602 685 715
AF024513 1314 1758 2578 2786 3006 3134 3332 3372 3454 3541 4136 4272 4679 4814 5192 5356 5540 6025
AB015637 3197 4327
AF045662 1291 1324 1408 1478 1750 1878 2228 2442 4934 5043 5128 5237 5311 5375 5464 5601 6332 6533 6632 6727
U96809 1900 1968 2467 2573 7096 7151 7358 7411 7546 7613
AF093853 291 965
AF092536 4055 4265 7398 7999 8240 8473
AF074856 335 2244 2492 2516
AF039602 9405 10160
AF057301 1578 2466 5605 5771
AF029791 63 1331
AF026469 1031 1131 4027 4154 9526 9656 13196 13322 15663 15808 15939 16000 18933 19073 19864 19981 20919 21092 24000 24158 25660 25884 26704 26787 27321 27415 31534 31725 32364 32452 34425 34649 37182 37252 37494 37612 37903 38052 41383 41486 44087 44175 44786 44944
AF031426 80 505
U84903 3492 3508 5320 5442 6385 6467 7582 7655 10834 10977
AF016697 35 55 518 1501
AF022651 481 523 607 1040 1177 1296 1430 1508 1622 1792 2039 2172
AF031826 883 949 6067 6239 8019 8135 8783 8860
AF053757 5010 6443
AF015881 13 954
AF029875 1719 1859 2186 2325 2621 2798 3022 3123 3284 3421 3509 3586 4546 4653 4730 4814 5340 5535 5832 6017 6701 6806 6885 7001 7343 7507 7591 7725 7819 7971 8724 8837 9423 9515 9689 9772
AF046000 298 436 1183 1308 2159 2264 3801 3882
AF024524 1073 1092 1204 1248 1352 1427 1514 1616 1755 1927 2393 2515 2645 2728 2828 2951 3161 3309 3993 4223
U96626 720 1490 3420 3583 3831 3972
AF042784 24 388 1449 2199
AF042783 622 980 1410 2163
AF078705 3929 5528 8708 8993 9340 9469 10376 10657
AF034569 2069 2138 2985 3148 4342 4366 4486 4623 4718 4852 10457 10602 12786 12903 14184 14770
AF064081 1423 1459 2250 2369 2493 2647 2819 2891 3422 3620 4028 4190 5295 5503 5772 5798 11466 11646
AB012159 1076 1201 1348 1558 1841 2035 2111 2212 2498 2678 3000 3114
AF068199 1175 1282 1585 1760 2991 3063
AF079877 3397 3534 4040 4177 5572 5822 5979 6057 6142 6240 8112 8317 9642 9765
AF030522 7126 7392
AF079528 2553 3479
AF003255 206 582 1160 1307 1966 2112 2287 2372 3918 4174 6311 7515
AF029240 278 338 527 796 1046 1321 1869 2144 2244 2378 2555 2584 2746 2789
AF033620 441 524 645 836 1116 1190 1300 1404 1489 1647 1730 1876
AF077673 619 1674
U82792 492 516 684 745 836 902 1226 1267 1454 1616 1837 1921
AF009614 1267 1639 3888 4513
AB007139 1465 1506 2199 2231 2347 2409 2641 2745 4472 4520 4928 5040 5227 5295 5413 5480 5577 5631 5743 5829 6806 6886
AB010149 1687 1793 3905 4036 4460 4558 5613 5802
AB009967 470 514 606 701 929 1028 1117 1349
AF060229 82 295 935 1335
AF006203 2064 2079 3196 4991
AF052695 1231 1411 1501 1649 1739 1835 1936 2064 2160 2356 2475 2569 2650 2878 3450 3575 4487 4604 4982 5160
AF010405 2467 3669
AB011595 487 509 1793 1841 2022 2154 2497 2636 3516 3684 4009 4118 4214 4357 4428 4565 4650 4739 4987 5066 5144 5288
AF027181 200 2653
AF007558 2875 2962 5297 5560 6522 6821 7454 7729 7856 7966 9181 9221
AB003306 1020 1217 2207 2513 4543 4832
U77350 112 1176
U77349 222 1343
U29186 28690 29454
U93050 287 625 979 1093 1761 1828 1949 2055 3081 3168 3250 3401 4148 4187
U47815 228 971
AF024570 316 511 874 987 1502 1648 1728 1853 1930 2098 2181 2262 2348 2477 2741 2907 3122 3226 4240 4380 4578 4688 4778 4969 5050 5138 5299 5415 5639 5752 5989 6136 7718 7813 7908 8045 8552 8727 9022 9174 9251 9353 9721 9853 9940 10053 10312 10364 10436 10533 10843 10948
AF030199 3346 3496 3622 3822 3956 4048 5018 5244
AB001735 441 1122 2661 3007 3419 3551 3875 4042 4392 4678 4898 5084 5194 5369 6273 6448 6987 7686
AB010281 28 449 475 823 849 1250
U70368 398 425 1208 2817
AB009694 977 1012 1401 1835
AB009693 392 427 509 961
AF025818 1270 1861 3805 4511
AF035680 46 237 773 880 1018 1089 1914 2063
AF019074 3101 3187 3761 4574 5832 6007
AF013262 2595 3456 6254 6408
AF022948 100 1500
AF007900 1396 1608 3606 3716 4076 4160 4475 4638 5789 5890 7409 7492 8077 8355
D85562 750 805 994 1081 1168 1265 1378 1518 1777 1892 2004 2062 2611 2762 2853 2964
AF012244 203 709 2370 2681
AF017128 1185 1289 3394 3585 7648 7755 8127 8543
D89572 713 787 12531 12657 14117 14163 14753 14948 17605 17756
U89486 107 236 395 477 659 841
